18539175846526021303284282079589482431572758026037370131757378495864093010462154541821785175350363696056539068740430465246795406572628931213928101709824826472516512097894596702469038275045174073801095,2
20928421460580172437273603965012816360378410836563106374579268952701905091909707162816361970320240512903406804794397471487164675340305843142821216907842646058571250763562050598670825751236035187350390,3
27124529574090564201236341802375610957261356316940537317567368179262362906503247621070625085619289530802546024930295798982528417083539309358508417528785747912853206083463261582846364696349182049542319,5
98635491753718636495971384687258030382393852786427587020271209851436904534063732473680541458343263637175321546874506281816190918532619289790983150851387827868501859189543171838769673957520452612503519,7
54328073141572651875759808636532539829149509528352875684847279218062429185909692437362943846427589291836307409450653749674073703912345178213632075903152858141635267210482737629816021585917898364234902,11
75469657694686089708417478608726823840815950194861308125062613405172953430601259531363547898430504161539549675837596041872412702875865762356293056428793602927489271728658234636953623512923208184034608,13
52682458469295174363936732616925047948120928071864987458015198243472193807921715782853686429194642190610375035946394798750364605245397862047034321548136893576706965470847245384645734903751293046767540,19
40749162520796959529548164029617603741578102762985798069060814157481581832193631286109874569720384218604928502743605038079396824301697103796280845945294378928959353580314342421565835434101208674319573,17
28405750287623812018625291568285027386391506126567216528941859693185934327425951219319849154968281516824291823805131954318318072902732308387804308731795712303252383015359602191591347897920793429379459,31
18173791393670794375256048368014027347417832614290989628109024919208465640852690146504149605604346535648698303679275721612503973760540909184987053124350245708795931354251243420873787421240960932848434,47
